# locations
folder_path <- "/Users/xlisda/Downloads/it/server/research/phd/taa_sr/"

# line plots
plot_line_colors <- c('#0034b7', '#f58231', '#34723c', '#f032e6', '#aaaaaa', '#e6194c', '#9a6334', '#152859', '#414141', '#71deff', '#f99d9e', '#000000', '#a0fe4e', '#00e9e1', '#ceedff', '#800000', '#1978bd', '#8f2a8a', '#6e553b', '#4527b2')
plot_line_types <- c(rep(1, 22), rep(3, 22), rep(2, 22), rep(4, 22))